[gd_scene load_steps=17 format=3 uid="uid://dkkyfewkvd0ft"]

[ext_resource type="PackedScene" uid="uid://bg2ufmmb0wokf" path="res://Escenas/goku.tscn" id="1_2gfht"]
[ext_resource type="Script" path="res://Scripts/tuto.gd" id="1_44glq"]
[ext_resource type="ArrayMesh" uid="uid://d0436gboq8pkc" path="res://Recursos/Escenarios/Mundo_Principal.obj" id="1_fwutn"]
[ext_resource type="Texture2D" uid="uid://bqmfubmdyrjqf" path="res://Recursos/Rec. juego/satara_night_no_lamps_2k.exr" id="3_ybcmd"]
[ext_resource type="PackedScene" uid="uid://bjmi1ppcr5qkk" path="res://Recursos/Sprites/Nintendo 64 - The Legend of Zelda Ocarina of Time - Link Adult High Poly/Adult Link.fbx" id="4_3jhpl"]
[ext_resource type="Texture2D" uid="uid://c2kwux0h12sqd" path="res://Recursos/Sprites/Misc/Flecha xd.png" id="5_iabh6"]
[ext_resource type="PackedScene" uid="uid://rwm0us033wud" path="res://Escenas/gogeta.tscn" id="7_th52y"]
[ext_resource type="AudioStream" uid="uid://dy58dmsmvd40q" path="res://Recursos/Sonidos/Musica/Audio de WhatsApp 2024-03-12 a las 19.28.36_1852d570.mp3" id="8_hadkf"]

[sub_resource type="BoxShape3D" id="BoxShape3D_0h38e"]
size = Vector3(0.549805, 4.21179, 7.94585)

[sub_resource type="BoxShape3D" id="BoxShape3D_8k577"]
size = Vector3(24.2282, 0.672333, 7.61975)

[sub_resource type="PanoramaSkyMaterial" id="PanoramaSkyMaterial_ai2l4"]
panorama = ExtResource("3_ybcmd")

[sub_resource type="Sky" id="Sky_fiwul"]
sky_material = SubResource("PanoramaSkyMaterial_ai2l4")

[sub_resource type="Environment" id="Environment_waq02"]
background_mode = 2
background_color = Color(0, 0.607843, 0.862745, 1)
background_energy_multiplier = 0.83
sky = SubResource("Sky_fiwul")
ambient_light_source = 1
ambient_light_sky_contribution = 0.0
ambient_light_energy = 0.0
fog_light_color = Color(1, 1, 1, 1)
fog_sky_affect = 0.0

[sub_resource type="Animation" id="Animation_kf27r"]
length = 0.001
tracks/0/type = "value"
tracks/0/imported = false
tracks/0/enabled = true
tracks/0/path = NodePath(".:modulate")
tracks/0/interp = 1
tracks/0/loop_wrap = true
tracks/0/keys = {
"times": PackedFloat32Array(0),
"transitions": PackedFloat32Array(1),
"update": 0,
"values": [Color(0.941176, 0.0784314, 0, 1)]
}

[sub_resource type="Animation" id="Animation_f2glg"]
resource_name = "color"
length = 2.0
loop_mode = 1
tracks/0/type = "value"
tracks/0/imported = false
tracks/0/enabled = true
tracks/0/path = NodePath(".:modulate")
tracks/0/interp = 1
tracks/0/loop_wrap = true
tracks/0/keys = {
"times": PackedFloat32Array(0, 0.4, 0.8, 1.2, 1.6, 2),
"transitions": PackedFloat32Array(1, 1, 1, 1, 1, 1),
"update": 0,
"values": [Color(0.941176, 0.0784314, 0, 1), Color(0, 0.564706, 0.686275, 1), Color(0.34902, 0.901961, 0, 1), Color(0.843137, 0.776471, 0, 1), Color(0.866667, 0, 0.823529, 1), Color(0.835294, 0.372549, 0, 1)]
}

[sub_resource type="AnimationLibrary" id="AnimationLibrary_d3ya2"]
_data = {
"RESET": SubResource("Animation_kf27r"),
"color": SubResource("Animation_f2glg")
}

[node name="Tuto" type="Node3D"]
script = ExtResource("1_44glq")

[node name="StaticBody3D" type="StaticBody3D" parent="."]

[node name="Pared izq" type="CollisionShape3D" parent="StaticBody3D"]
transform = Transform3D(1, 0, 0, 0, 1, 0, 0, 0, 1, 7.35126, 1.62675, -0.96073)
shape = SubResource("BoxShape3D_0h38e")

[node name="suelo" type="CollisionShape3D" parent="StaticBody3D"]
transform = Transform3D(1, 0, 0, 0, 1, 0, 0, 0, 1, -3.38811, 0.153453, -0.776269)
shape = SubResource("BoxShape3D_8k577")

[node name="Pared der" type="CollisionShape3D" parent="StaticBody3D"]
transform = Transform3D(1, 0, 0, 0, 1, 0, 0, 0, 1, -15.0113, 1.63806, -0.454841)
shape = SubResource("BoxShape3D_0h38e")

[node name="MundoPrincipal" type="MeshInstance3D" parent="StaticBody3D"]
transform = Transform3D(0.5, 0, 0, 0, 0.5, 0, 0, 0, 0.5, -3.56831, 0.382776, -1.0845)
mesh = ExtResource("1_fwutn")
skeleton = NodePath("../..")

[node name="SpotLight3D" type="SpotLight3D" parent="StaticBody3D"]
transform = Transform3D(1, -1.58396e-13, 1.03984e-13, -9.27994e-14, 0.0690422, 0.997614, -1.65198e-13, -0.997614, 0.0690421, 7.85935, 1.5172, -1.99945)
light_color = Color(0.729412, 0.709804, 0.141176, 1)
light_energy = 4.202
spot_range = 3.68449
spot_angle = 74.09

[node name="SpotLight3D8" type="SpotLight3D" parent="StaticBody3D"]
transform = Transform3D(1, -1.58397e-13, 1.03984e-13, -9.27995e-14, 0.0690422, 0.997614, -1.65198e-13, -0.997614, 0.0690422, 7.55609, 1.87383, 0.455143)
light_color = Color(0.623529, 0.705882, 0.705882, 1)
light_energy = 9.081
spot_range = 3.68449
spot_angle = 74.09

[node name="SpotLight3D2" type="SpotLight3D" parent="StaticBody3D"]
transform = Transform3D(1, -1.58396e-13, 1.03983e-13, -9.27994e-14, 0.0690422, 0.997614, -1.65198e-13, -0.997614, 0.0690421, 2.40689, 1.5172, -1.99945)
light_color = Color(0.729412, 0.709804, 0.141176, 1)
light_energy = 4.16
shadow_reverse_cull_face = true
distance_fade_begin = 0.0
distance_fade_length = 5.65
spot_range = 3.68449
spot_angle = 74.09

[node name="SpotLight3D3" type="SpotLight3D" parent="StaticBody3D"]
transform = Transform3D(1, -1.58396e-13, 1.03984e-13, -9.27994e-14, 0.0690422, 0.997614, -1.65198e-13, -0.997614, 0.0690421, -2.00879, 1.5172, -1.99945)
light_color = Color(0.729412, 0.709804, 0.141176, 1)
light_energy = 4.0
distance_fade_begin = 0.0
distance_fade_length = 5.0
spot_range = 3.68449
spot_angle = 74.09

[node name="SpotLight3D4" type="SpotLight3D" parent="StaticBody3D"]
transform = Transform3D(1, -1.58396e-13, 1.03984e-13, -9.27994e-14, 0.0690422, 0.997614, -1.65198e-13, -0.997614, 0.0690421, -5.69336, 1.5172, -1.99945)
light_color = Color(0.729412, 0.709804, 0.141176, 1)
light_energy = 4.0
spot_range = 3.68449
spot_angle = 74.09

[node name="SpotLight3D5" type="SpotLight3D" parent="StaticBody3D"]
transform = Transform3D(1, -1.58396e-13, 1.03984e-13, -9.27994e-14, 0.0690422, 0.997614, -1.65198e-13, -0.997614, 0.0690421, -9.57052, 1.5172, -1.99945)
light_color = Color(0.729412, 0.709804, 0.141176, 1)
light_energy = 4.0
spot_range = 3.68449
spot_angle = 74.09

[node name="OXXO light" type="SpotLight3D" parent="StaticBody3D"]
transform = Transform3D(1, -1.58396e-13, 1.03984e-13, 8.91472e-14, 0.877565, 0.479458, -1.67197e-13, -0.479458, 0.877565, 3.60612, 2.70444, 0.570725)
light_color = Color(1, 0.560784, 1, 1)
light_energy = 10.844
light_volumetric_fog_energy = 13.444
spot_range = 3.68449
spot_angle = 74.09

[node name="Goku" parent="." instance=ExtResource("1_2gfht")]
transform = Transform3D(-1.5, 0, 2.26494e-07, 0, 1.5, 0, -2.26494e-07, 0, -1.5, 6.16632, 0.727298, -1.48298)

[node name="WorldEnvironment" type="WorldEnvironment" parent="."]
environment = SubResource("Environment_waq02")

[node name="oxoo" type="Label3D" parent="."]
transform = Transform3D(3.28428, 0, 0, 0, 2.47889, 0, 0, 0, 1, 3.59915, 2.33124, 0.800144)
text = "OXXO"

[node name="Root Scene" parent="." instance=ExtResource("4_3jhpl")]
transform = Transform3D(-0.0268029, 0, -0.0963411, 0, 0.1, 0, 0.0963411, 0, -0.0268029, 4.13458, 0.403076, 0.268174)

[node name="DirectionalLight3D" type="DirectionalLight3D" parent="."]
transform = Transform3D(-0.958099, 0.0300872, 0.284854, 0.0390063, 0.998909, 0.0256886, -0.283771, 0.0357234, -0.958227, -0.609376, 9.18475, -16.8847)
light_energy = 0.1
shadow_enabled = true
shadow_reverse_cull_face = true

[node name="vainas locas" type="Node3D" parent="."]

[node name="flecha" type="Sprite3D" parent="vainas locas"]
transform = Transform3D(-10, 0, -8.74228e-07, 0, 10, 0, 8.74228e-07, 0, -10, -2.21063, 1.54213, 0)
modulate = Color(0.941176, 0.0784314, 0, 1)
texture_filter = 0
texture = ExtResource("5_iabh6")

[node name="AnimationPlayer" type="AnimationPlayer" parent="vainas locas/flecha"]
libraries = {
"": SubResource("AnimationLibrary_d3ya2")
}

[node name="movement" type="Label3D" parent="vainas locas"]
transform = Transform3D(-1, 0, -8.74228e-08, 0, 1, 0, 8.74228e-08, 0, -1, 0.99085, 1.40515, 0)
text = "D ==> Moverse derecha 
A ==> Moverse Izquierda 
Espacio  ==> Saltar
ESC ==> Opciones"

[node name="Gogeta" parent="vainas locas" instance=ExtResource("7_th52y")]
transform = Transform3D(-0.478587, 0, 0.144758, 0, 0.5, 0, -0.144758, 0, -0.478587, -14.0963, 0.18146, 0)

[node name="AudioStreamPlayer3D" type="AudioStreamPlayer3D" parent="vainas locas"]
transform = Transform3D(1, 0, 0, 0, 1, 0, 0, 0, 1, -14.3346, 1.35305, 0)
stream = ExtResource("8_hadkf")
attenuation_model = 1
unit_size = 1.79
max_db = 0.999
